waypoints:
  - point:
      x: 0.280998933385
      y: -0.648373661499
      th: 0
  - point:
      x: -0.884353313414
      y: -1.09715949787
      th: 0
  - point:
      x: -1.62181610336
      y: -0.637055450378
      th: 0
